501
502
503
504
505
506
507
508
509
510
511
512
513
514
515
516
517
518
519
520
521
522
523
524
528
531
532
533
535
1001
1002
1003
1004
1005
1006
1007
2208
2479
2560
2600
2673
2674
2693
2694
2722
2723
2781
5000
5001
5002
5003
5004
5008
5009
5010
5011
5012
5013
5019
5020
5021
5022
5023
5024
5025
5026
5027
5028
5029
5030
5035
5039
5040
5041
5042
5043
5044
5045
5059
5060
5061
5062
5066
5067
5068
5069
5073
5074
5075
5076
5077
5078
5085
5100
5101
5102
5103
5104
5105
5106
5107
5122
5123
5124
5125
5126
5127
5128
5129
5130
5131
5132
5133
5134
5135
5136
5137
5138
5151
5152
5153
5154
5155
5156
5157
5158
5160
5161
5162
5163
5164
5165
5170
5190
5195
5201
5202
5203
5204
5205
5206
5207
5209
5210
5212
5213
5214
5215
5216
5222
5223
5224
5225
5226
5227
5228
5229
5240
5241
5242
5243
5244
5245
5246
5247
5255
5256
5257
5258
5259
5260
5261
5262
5270
5271
5273
5280
5281
5283
5290
5291
5292
5293
5300
5301
5302
5303
5310
5311
5312
5313
5320
5321
5322
5323
5330
5331
5332
5333
5340
5341
5342
5343
5350
5351
5352
5353
5354
5355
5360
5361
5370
5371
5372
5373
5380
5381
5382
5383
5384
5385
5395
5396
5397
5410
5411
5412
5413
5414
5415
5416
5417
5420
5421
5422
5423
5424
5425
5426
5430
5431
5432
5433
5435
5436
5437
5438
5445
5446
5447
5448
5449
5450
5451
5452
5453
5454
5455
5456
5457
5458
5459
5460
5461
5462
5465
5466
5467
5470
5472
5473
5474
5475
5476
5477
5478
5480
5481
5482
5500
5501
5502
5503
5504
5505
5506
5507
5508
5509
5510
5511
5512
5525
5535
5536
5537
5538
5539
5540
5541
5542
5543
5550
5565
5566
5567
5568
5575
5576
5577
5578
5582
5583
5585
5586
5587
5590
5591
5594
5596
5597
5620
5621
5623
5624
5625
5626
5627
5650
5651
5652
5653
5654
5655
5656
5657
5658
5659
5660
5661
5670
5671
5672
5680
5681
5682
5683
5685
5690
5691
5692
5695
5696
5697
5698
5700
5701
5715
5717
5718
5719
5720
5721
5722
5723
5724
5725
5726
5727
5730
5731
5732
5733
5734
5735
5739
5740
5741
5742
5743
5744
5745
5746
5747
5748
5750
5751
5752
5753
5754
5780
5782
5783
5785
5786
5787
5800
5801
5802
5803
5804
5810
5811
5812
5813
5814
5815
5816
5817
5820
5821
5822
5823
5824
5825
5826
5827
5828
9000
9010
9050
9051
9052
9053
9054
9055
9056
9057
9058
9059
9062
9070
9071
9072
9080
9081
9082
9083
9084
9085
9086
9087
9090
9091
9120
9123
9125
9126
9127
9130
9135
9140
9145
9146
9150
9151
9160
9243
test-item-selector